('D = ', [0.17619628987259317, -0.2715777231721738, 0.0006352308282429575, 0.004212086009880658, 0.0])
('K = ', [1270.8197607884752, 0.0, 648.3228618612376, 0.0, 1271.5075692822895, 362.26617516662265, 0.0, 0.0, 1.0])
('R = ', [1.0, 0.0, 0.0, 0.0, 1.0, 0.0, 0.0, 0.0, 1.0])
('P = ', [1307.19775390625, 0.0, 652.5361155651044, 0.0, 0.0, 1312.85791015625, 362.62973947351566, 0.0, 0.0, 0.0, 1.0, 0.0])
None
# oST version 5.0 parameters


[image]

width
1280

height
720

[narrow_stereo]

camera matrix
1270.819761 0.000000 648.322862
0.000000 1271.507569 362.266175
0.000000 0.000000 1.000000

distortion
0.176196 -0.271578 0.000635 0.004212 0.000000

rectification
1.000000 0.000000 0.000000
0.000000 1.000000 0.000000
0.000000 0.000000 1.000000

projection
1307.197754 0.000000 652.536116 0.000000
0.000000 1312.857910 362.629739 0.000000
0.000000 0.000000 1.000000 0.000000

